18543891000198
01155254000141
22.222.222/2222-22
04.773.356/0001-19
60746948835109
09.292.503/0001-52
15289947000131
07460269000108
16614470000185
03701380000856
22749835015707
11807577000126
05779091000129
07.650.459/0001-80
60626512000190
09807226759
09789369735
18044691000190
33814765000114
32521189000154
06.194.586/0001-59
01059986000138
11170895760
15441647000479
10.570.144/0001-37
18605992000146
13877690000103
19.010.309/0001-90
12425249591
13738417000106
30191746000190
08297663000121
13394821000100
09005418737
05095243000174
57223483768
00530957000140
08274578000148
05672011713
29409695000141
07042841000100
03501503000139
01221689762
11098411000188
01915913000109
07761524000144
00334392000206
13188020000180
13756575000180
17197385007800
10622345000130
15083396000155
31363344000199
00285753003459
29980273000121
11613505000148
17132014000161
20014382000110
14814556000126
17.686.408/0001-61
07.328.619/0001-79
02.205.646/0001-30
18851193000150
04091833000247
05538076000199
11388492000150
07954245000288
39188602000150
02147482000132
19582170000150
07072436000135
05248088000189
08067602000178
21569181000222
09378863000171
06244566000145
20453023000169
00687879000191
04899709000121
26208553000128
10.618.242/0001-05
09514447000153
07020193000191
20782470000161
19935531000102
22418919000132
14552593730
10340150000106
10791164000138
20453684000194
10703557000142
09.393.479/0001-48
02996515000119
26143495000100
18751165000160
21831284000138
12438970000152
20018400000131
08210140728
15.735.176/0001-69
01864929790
17610362000105
62919369768
68670512000107
10615500000191
15276759000179
73453409000137
00041327000101
16706129002365
05310244743
21606025000375
05585968000140
16957489000124
11620762757
00242296106
20451258000111
02039540000295
42963926000122
20448866000177
14145620000123
12457076000120
07490847000140
19023522000137
03382700000186
04349863000120
12138106000135
34230979008603
61204657000165
21438480000147
02.199.357/0001-76
64455157000194
11683556000146
06014093000190
17.352.213/0001-85
73453508000119
19073083000177
06027373000132
11.547.897/0001-94
40.294.654/0001-90
15116388000168
14815347000105
305.039.731-49
11028327000198
15336036000118
15.371.282/0001-00
12456626605
02188157000118
19107504000133
18727477000139
52576691000170
21955360000117
04987089000182
01008462000118
23162334000167
07253582000590
16739189000179
20757892000187
08948290762
29996477000150
21972619000138
21431914000187
89201450753
10539067000152
03248200626
08784261757
10477556884
22474014000180
24970724857
09188374000157
34390724000100
74636847768
03587577706
28756146002043
00430873000134
21737808000126
04733690000149
20739302000193
11642902000148
01680474707
51241641749
18338194000103
11402482000122
06275602000138